# Start, choose the first empty file, enter A, finish the name and start the game.
# Shared by the staged MQ/Europe MM revisions. Saves are not loaded or written.
0 0000 0 0 0 0
300 1000 0 0 0 0
310 0000 0 0 0 0
900 0100 0 0 0 0
910 0000 0 0 0 0
1500 1000 0 0 0 0
1510 0000 0 0 0 0
1800 0100 0 0 0 0
1810 0000 0 0 0 0
2100 1000 0 0 0 0
2110 0000 0 0 0 0
2400 0100 0 0 0 0
2410 0000 0 0 0 0
2700 0100 0 0 0 0
2710 0000 0 0 0 0
3000 0100 0 0 0 0
3010 0000 0 0 0 0
3600 0100 0 0 0 0
3610 0000 0 0 0 0
4200 0100 0 0 0 0
4210 0000 0 0 0 0
4800 0100 0 0 0 0
4810 0000 0 0 0 0
5400 0100 0 0 0 0
5410 0000 0 0 0 0
6000 0100 0 0 0 0
6010 0000 0 0 0 0
